161 10 121
nuit 0.03555209934711456 -0.03581690415740013 0.00760876527056098 0.007447272539138794 -0.015659965574741364 0.024272186681628227 -0.004300085827708244 0.02219321019947529 -0.02594095654785633 0.017092905938625336
rendez-vous -0.03287799283862114 -0.013590901158750057 0.042131148278713226 -0.037680476903915405 0.026032257825136185 0.040804170072078705 0.04106158763170242 0.0270196832716465 0.011387149803340435 0.04832495003938675
trois 0.035142675042152405 -0.024360226467251778 0.018794314935803413 0.0376167967915535 -0.036761574447155 -0.024127637967467308 -0.04177479445934296 -0.02611786685883999 0.011407631449401379 0.0301828570663929
ouvert -0.021251775324344635 -0.02044779621064663 0.0070809610188007355 0.03410997986793518 -0.042395517230033875 -0.04885074123740196 0.03816066309809685 -0.03281901031732559 0.002682938938960433 0.04192766919732094
moi -0.020065661519765854 0.048925478011369705 0.03576445206999779 0.0382794588804245 6.190709536895156E-4 0.005065497010946274 -0.004610590171068907 -0.0037642454262822866 0.005588289350271225 0.011397141963243484
mattribuer -0.02577364072203636 0.0038958291988819838 3.04838758893311E-4 -0.03999888524413109 -0.04334964603185654 0.04936038330197334 0.022998493164777756 0.04232601448893547 -0.04721643775701523 0.010027171112596989
faire 0.02166723646223545 0.045126933604478836 -0.002472988795489073 0.026029685512185097 0.03610999137163162 0.04256192594766617 -0.03174358233809471 0.005700210575014353 -0.012850948609411716 -0.009184529073536396
demande 0.020123464986681938 0.010730533860623837 -0.042142998427152634 -0.012633389793336391 -0.018997298553586006 -0.007451122626662254 0.0016260843258351088 0.025126464664936066 -0.007717273198068142 0.026347503066062927
serai -0.023275110870599747 -0.03615707531571388 0.00470694387331605 -0.04311895743012428 -0.032483380287885666 -0.020969098433852196 -0.03100360743701458 0.02402419224381447 0.04473624378442764 -0.04582127183675766
avoir -0.01525068562477827 -0.032737065106630325 -0.031148826703429222 -0.012303526513278484 0.048603929579257965 -0.007939155213534832 -0.04957323521375656 0.04077501967549324 0.023853128775954247 0.043077319860458374
mon -0.03936268016695976 -0.012293766252696514 0.003676007501780987 0.04368025064468384 -0.02058408409357071 -0.04968452826142311 0.02524937130510807 -0.02681024931371212 0.03441309556365013 -0.018550656735897064
marche 0.04171532765030861 0.04025507718324661 0.020647158846259117 -0.030587293207645416 0.018756164237856865 -0.006829387042671442 0.049425434321165085 -0.041653260588645935 0.040402840822935104 0.010032502934336662
pourrais 0.007276760879904032 0.02734651044011116 0.008951768279075623 0.021088967099785805 0.032194774597883224 0.030506113544106483 -0.038146503269672394 -0.019965728744864464 0.018903231248259544 -0.03256457671523094
jai -0.02677313983440399 0.028922447934746742 -0.021700570359826088 0.04743677377700806 0.006293064448982477 -0.02803831920027733 -0.02220919169485569 0.01684940978884697 -0.03242677450180054 0.013901100493967533
sont 0.015301999635994434 -0.028975235298275948 0.007372890133410692 -0.04685183987021446 0.007710075005888939 0.023575197905302048 0.047632329165935516 -0.04362994804978371 -0.04332784563302994 0.039750028401613235
jaimerais -0.01165380235761404 0.04820908233523369 0.0446501262485981 0.022456785663962364 0.007192955818027258 -0.0013517857296392322 0.014326144941151142 0.009897365234792233 -0.038899023085832596 0.0067647830583155155
effacer -0.021114133298397064 0.008033553138375282 -0.013294491916894913 0.00626707635819912 0.024300625547766685 0.039709992706775665 -0.03953525424003601 0.0029616565443575382 -0.04894694685935974 0.034229159355163574
les 0.006842201109975576 0.006842081900686026 -0.03182179853320122 0.049122851341962814 0.026724746450781822 0.03968508914113045 0.03451980650424957 0.0399940088391304 0.040307559072971344 -0.03204789385199547
réserve 0.005307668354362249 0.003575015114620328 -0.04612913727760315 -0.018339047208428383 -0.004354903008788824 -0.02207854762673378 -0.00423121452331543 0.038256220519542694 0.005823361687362194 0.006521457340568304
jamais -0.029857339337468147 0.047263212502002716 -0.03658369556069374 -0.0338316485285759 0.04428515583276749 0.01279950886964798 -0.02558714896440506 0.04012022539973259 0.03695446997880936 -0.030796239152550697
rencontrer 0.04613418132066727 -0.018906274810433388 0.004742237739264965 -0.04289862886071205 -0.005570059642195702 0.0015014997916296124 -0.005157508421689272 0.02522296831011772 0.003743323963135481 -0.042464226484298706
vous -0.040038466453552246 -0.025328071787953377 -0.00533849373459816 0.05004868283867836 0.02071566693484783 -0.0032746577635407448 -0.013130906037986279 -0.04537929594516754 9.305393905378878E-4 -0.03701402619481087
conviendraient -0.047508347779512405 -0.005013017915189266 -0.012325774878263474 -0.029602160677313805 -0.02664133906364441 -0.04105658084154129 -0.04178725555539131 -0.04258882999420166 -0.031092634424567223 -0.021880893036723137
prochain -0.02236476168036461 -0.0389813557267189 -0.019000081345438957 0.006104432046413422 0.03164379298686981 0.030654000118374825 0.0017475505592301488 -0.03404391556978226 0.03620350733399391 0.008330236189067364
recevoir 0.037162501364946365 -0.002317961538210511 0.01902105286717415 -0.030874039977788925 0.012443034909665585 0.025011645630002022 0.006093081086874008 8.551354985684156E-4 0.004872414283454418 0.013973349705338478
dannuler 0.008713293820619583 -0.027551613748073578 0.029286693781614304 0.008670661598443985 0.04372803866863251 0.04144246131181717 0.03142578899860382 0.03148283809423447 0.02908632718026638 0.03987447917461395
propose 0.04313436895608902 -0.025075407698750496 -0.010922376066446304 0.03586076200008392 0.03980608284473419 -0.0437268428504467 0.046071551740169525 0.049475956708192825 -0.028123952448368073 0.015622222796082497
fonctionne -0.02599242329597473 0.04924103990197182 0.008710984140634537 0.01689404994249344 -0.036042410880327225 0.003928434103727341 -0.007518801838159561 0.04060408100485802 -0.0020811278373003006 -0.04719657823443413
bonjour -0.012079112231731415 0.042033933103084564 0.04920412227511406 -0.0031507962848991156 0.026721693575382233 -0.03920816630125046 -0.01363153662532568 0.035494010895490646 0.01830008439719677 -0.022726543247699738
complètement 0.04893248528242111 0.013511335477232933 -0.04256923496723175 0.03912755474448204 0.03649056702852249 -0.02377370186150074 0.01051371917128563 -0.0386631153523922 -0.04171590507030487 -0.0315970741212368
planning -0.03222952038049698 -0.011265370063483715 0.02174881473183632 0.03125310689210892 -0.04865493252873421 0.033262770622968674 -0.04674665629863739 0.029844237491488457 0.033953841775655746 0.018458791077136993
cancellement -0.043749578297138214 0.0036412139888852835 -0.014139673672616482 -0.017230909317731857 0.011356082744896412 -0.03221096470952034 -0.04844963550567627 0.04544159770011902 0.02700071781873703 0.03105146437883377
lors 0.04495346546173096 0.012149203568696976 0.017949802801012993 -0.04834045097231865 0.036297786980867386 0.03614969551563263 -0.033290497958660126 -0.0031594668980687857 -0.04478922113776207 -0.030975503847002983
canceller 0.03368665277957916 -0.00919616874307394 -0.0037132517900317907 0.03386257216334343 0.003239009063690901 0.027928873896598816 -0.008987079374492168 -0.0336092971265316 -0.031044354662299156 0.008848186582326889
suis 0.017819007858633995 0.0325712226331234 0.036558330059051514 -0.04146347939968109 0.04239670932292938 -0.008018688298761845 -0.025463825091719627 -0.04308345168828964 0.04317978024482727 0.006356104742735624
consultation 0.030800016596913338 -0.014645356684923172 -0.008281821385025978 -0.01046785432845354 -0.04156719893217087 -0.009423365816473961 -0.04524645581841469 0.0463370680809021 0.021978221833705902 -0.047044459730386734
je 0.007423444651067257 0.0265288595110178 0.026159795001149178 0.04573654383420944 -0.040163554251194 0.05011652037501335 -0.01983477734029293 -0.022698497399687767 -0.01424821000546217 0.013015990145504475
décaler -0.04810541123151779 0.04613283649086952 -0.0013582984684035182 -0.027686165645718575 0.014907663688063622 0.04311365634202957 0.01161213405430317 -0.023775404319167137 0.04587681591510773 0.007891490124166012
besoin -0.010379450395703316 0.02912023663520813 -0.008264412172138691 0.04688606411218643 -0.02995041199028492 0.01561824418604374 0.01086584571748972 0.015409424901008606 -0.0405215285718441 -0.030910156667232513
ecrire -0.026800164952874184 -0.026942279189825058 0.03402366489171982 -0.050017356872558594 0.03409886732697487 -0.003590066684409976 -0.022750644013285637 0.004809827543795109 3.8786744698882103E-4 -8.512800559401512E-4
semaine 0.048034463077783585 -0.024116382002830505 0.020684165880084038 0.028801893815398216 -0.04604041576385498 -0.03889971226453781 0.020742913708090782 -0.03441326320171356 -0.005393152590841055 0.02072889171540737
lon -0.006400316022336483 -0.011985348537564278 0.02831496298313141 -0.04202928766608238 0.04450810328125954 -0.041224800050258636 -0.033247530460357666 0.03536779433488846 0.02772608958184719 -0.0017069271998479962
prochaine -0.01902480237185955 -0.013026860542595387 -0.009393961168825626 0.01850029081106186 0.020515190437436104 -0.021431488916277885 -0.03757857903838158 0.04706643894314766 -0.03546104580163956 0.038708899170160294
se 0.029692087322473526 0.014470034278929234 0.014220520853996277 0.0030345777049660683 0.00288379262201488 0.03504231944680214 -0.04612182080745697 0.017748678103089333 0.007319876458495855 0.02290450595319271
rendre -0.02551216632127762 0.005242616403847933 0.02449829876422882 0.02051284909248352 0.012448177672922611 -0.010307416319847107 0.007380268070846796 0.013652922585606575 0.04510736092925072 0.03389323875308037
ça 0.020858479663729668 0.021823158487677574 -0.0038634578231722116 -0.012309817597270012 0.0342559777200222 -0.036951132118701935 0.028502292931079865 -0.0060838330537080765 -0.01999225653707981 -0.03880121558904648
voudrais 0.03637312725186348 0.019510488957166672 -0.04333842918276787 0.023707320913672447 -0.042841553688049316 0.032532528042793274 0.01455017365515232 0.031054263934493065 0.02081364579498768 -0.030937429517507553
quand 0.003243649611249566 0.026690104976296425 0.03636346757411957 -0.018826093524694443 0.006898062769323587 0.045959409326314926 -0.02681606076657772 0.018412910401821136 0.008956252597272396 -0.0021617619786411524
urgent -0.03559710457921028 -0.02698291651904583 -0.006387340370565653 0.01835479959845543 -0.01517696026712656 -0.01797482930123806 0.047078683972358704 -0.031025296077132225 -0.018458174541592598 0.0019386811181902885
entretien -0.02047637850046158 -0.026602670550346375 0.04632195085287094 0.03844403102993965 0.048192668706178665 -0.0019002689514309168 0.028438445180654526 0.024576861411333084 0.04471069946885109 0.006090260110795498
table -0.006076422519981861 0.008621852844953537 -0.04921608790755272 -0.02323932945728302 -0.04636715352535248 0.04001595824956894 -0.005273330956697464 0.04034794867038727 0.03270234540104866 0.018849821761250496
téléphonique -0.0203352402895689 -0.01870994083583355 -0.04438604414463043 -0.04363543912768364 0.020069913938641548 -0.011421548202633858 0.03491557389497757 0.03654509037733078 0.02620338276028633 0.004764050245285034
encore 0.0326065793633461 0.0010887212119996548 -0.017407413572072983 0.0485706701874733 -0.007977603934705257 0.0028447541408240795 0.02077993005514145 0.04522426798939705 0.03556131571531296 -0.014694429002702236
ce 0.021225368604063988 0.021629177033901215 0.04220902919769287 -0.03480559214949608 -0.01661655865609646 -0.04309329763054848 -0.034865204244852066 0.002637965604662895 0.019284505397081375 -0.02879241667687893
lundi -0.04679190739989281 -0.01880503259599209 0.014277194626629353 0.04069044068455696 0.017090776935219765 -0.04410168156027794 0.038024283945560455 -0.005189068149775267 0.009383341297507286 0.009129062294960022
prise -0.03219396993517876 0.03825172781944275 0.04626872017979622 -0.04210289195179939 0.005554468836635351 -0.012265590019524097 0.008005006238818169 0.005051628686487675 0.034828901290893555 -0.020570389926433563
quels 0.015426106750965118 0.029970884323120117 -0.02898332290351391 0.04594209045171738 0.01934477500617504 -0.010979600250720978 -0.030346453189849854 -0.020204298198223114 -0.016594083979725838 -0.02274578996002674
restaurant 0.02649576961994171 -0.007224773522466421 0.019334306940436363 -0.002295189071446657 -0.01713726297020912 0.04309135302901268 -0.04157367721199989 0.030676424503326416 0.016980305314064026 -0.00982589740306139
où -0.02116040512919426 -0.02939561940729618 -0.041802890598773956 -0.004020684864372015 -0.027619628235697746 0.04744778573513031 -0.006890534423291683 0.011309348046779633 0.0030587392393499613 -0.04801059886813164
possible 0.008613917976617813 -0.020137539133429527 -0.04723876714706421 -0.003998642787337303 0.02166040614247322 0.011705052107572556 -0.020763318985700607 0.036472976207733154 -0.0139918876811862 0.03834649920463562
tout -0.015955453738570213 -0.005758863873779774 0.03938706964254379 -0.03931354358792305 -0.03313996642827988 0.015363107435405254 -8.257903391495347E-4 -0.040835168212652206 -0.04014936834573746 -0.033464327454566956
cest 0.01837105117738247 -0.04115304350852966 -0.04337914288043976 -0.02678232453763485 -0.014686623588204384 0.020323192700743675 -0.005974240601062775 -0.019513409584760666 -0.04941307380795479 -0.049098387360572815
demander 0.032307904213666916 -0.011157452128827572 -0.04329294711351395 0.012996482662856579 -0.02946208044886589 0.028986020013689995 0.04365380480885506 -0.027533704414963722 -0.04788381978869438 -0.04683220013976097
réserver -0.03890354931354523 0.012170342728495598 -0.044274140149354935 -0.01934182271361351 0.012901294976472855 -0.042272523045539856 -0.04393807426095009 0.0358077697455883 -0.005715953651815653 -0.007871756330132484
quil -0.016324331983923912 -0.033392004668712616 -0.03668982535600662 -0.02015427127480507 0.029767144471406937 0.03281276300549507 -0.024679215624928474 -0.010745988227427006 -0.035666752606630325 -0.0435163751244545
disposition -0.04402991011738777 -0.0023612254299223423 -0.04813108965754509 0.033026110380887985 -0.04645814374089241 0.00970155093818903 -0.03698572888970375 -0.010800964199006557 -0.009064968675374985 -0.022153913974761963
la 0.03252848610281944 -0.04654495418071747 0.04684966430068016 0.021515851840376854 -0.024174652993679047 -0.029879005625844002 -0.016472099348902702 -5.8626228565117344E-5 0.016702691093087196 -0.025251757353544235
garder 0.040555696934461594 0.005039976444095373 0.018121641129255295 0.001684162998571992 0.04118526354432106 0.03940831497311592 0.03385201096534729 0.03690493479371071 -0.04840763658285141 0.015392933040857315
le -0.029080769047141075 0.022483166307210922 -0.04672713205218315 -0.0054797581396996975 0.03683306649327278 -0.04816909506917 -0.04652463644742966 -0.04244378209114075 0.021674910560250282 0.019068662077188492
réservation 0.012378641404211521 0.01619209721684456 0.016077037900686264 -0.0342651829123497 0.018124308437108994 0.004579873289912939 0.0025737183168530464 0.032542772591114044 0.008450590074062347 -0.029306303709745407
mois -0.013256395235657692 -0.02548808790743351 0.04233518987894058 0.02845430187880993 0.016815919429063797 0.04867439717054367 0.040324609726667404 0.047592055052518845 0.008638055995106697 0.0160225722938776
date -0.02507336065173149 0.025253785774111748 -0.04389738291501999 0.04626774787902832 -0.01679208129644394 0.012206039391458035 0.026586683467030525 -0.006367309484630823 0.02937442995607853 0.04843450337648392
de 0.010134419426321983 -0.03190072625875473 -0.00593546312302351 0.027514208108186722 0.014485569670796394 -0.0021702481899410486 0.010204567573964596 0.02421642281115055 -0.020216824486851692 0.01069311797618866
souhaite 0.011448973789811134 0.031147746369242668 -0.023259451612830162 -5.04298135638237E-4 -0.002786049386486411 -0.01833917573094368 -0.043397337198257446 0.04569929465651512 -0.033884964883327484 -0.025797603651881218
mail -0.020079731941223145 0.01031560730189085 0.01377052627503872 -0.016315633431077003 0.00957572739571333 -0.028263486921787262 0.012430865317583084 0.006878335494548082 0.028195811435580254 0.02147301658987999
rdv 0.004872822668403387 -0.02654320001602173 0.025010323151946068 -0.035823315382003784 -0.03305872529745102 0.035300176590681076 -0.007981386967003345 -0.004829040262848139 0.02238748036324978 0.03627539798617363
documents 0.04973500221967697 -0.02998913824558258 0.018510399386286736 0.024541262537240982 0.04608626663684845 7.919491035863757E-4 -0.04071907326579094 -0.002324793953448534 0.014601331204175949 0.04673866555094719
modifier -0.012105779722332954 0.0036624569911509752 0.014368194155395031 -0.011555291712284088 -0.026185397058725357 -0.03864385560154915 0.00698447460308671 -0.037810664623975754 -0.010557519271969795 -0.0031326443422585726
est -0.002076324773952365 0.04394116625189781 -0.002858581952750683 0.040050625801086426 -0.018712280318140984 -0.04987390339374542 -0.0078046852722764015 0.04095363989472389 0.037039864808321 0.01203764695674181
prendre 0.03971179947257042 0.011535188183188438 0.039242684841156006 -0.022051295265555382 -0.007625191938132048 -0.005832154769450426 0.0428529754281044 -0.03670322895050049 0.019430087879300117 -0.04364272579550743
simple -0.03793083876371384 -0.022880669683218002 0.02042142115533352 -0.0061813294887542725 0.004681632854044437 0.046611662954092026 0.024602901190519333 -0.013116959482431412 -0.045804623514413834 0.011866917833685875
donner -0.00207271846011281 0.04257756099104881 -0.0379183404147625 -0.009263299405574799 -5.721725174225867E-4 0.003861883655190468 0.016245048493146896 -0.02636076882481575 -0.04168316721916199 -0.04610332101583481
agence -0.008513706736266613 0.02026418037712574 -0.0050402614288032055 0.005743481684476137 -0.021304987370967865 0.04159200191497803 -0.045764338225126266 -0.007798169273883104 -0.015089503489434719 -0.03463885188102722
du -0.018344441428780556 0.010592279955744743 -0.0010259205009788275 -0.03473527729511261 -0.009634830057621002 -0.04749986156821251 0.03916262835264206 -0.03344065323472023 -0.040335338562726974 -0.04088589921593666
jattends -0.018696974962949753 -0.031514715403318405 0.02199680171906948 0.01204379741102457 0.025438889861106873 0.01921573467552662 0.03825049474835396 -0.027404198423027992 0.016563445329666138 -0.007222084328532219
jour -0.02395186945796013 -0.015036781318485737 -0.006120200734585524 0.024449089542031288 0.012989616952836514 -0.019517973065376282 -0.03346670791506767 0.010417217388749123 -0.027487920597195625 0.031764909625053406
voit -0.01310384925454855 0.004914630204439163 -0.013479369692504406 0.01680590957403183 -0.0022835738491266966 0.030448518693447113 -0.033011700958013535 -0.03141950070858002 -0.03774246200919151 0.01588093489408493
êtes -0.03827749192714691 -0.04447445645928383 0.011473281309008598 0.03994964063167572 0.005120155401527882 -0.03829655423760414 -0.047669727355241776 -0.013851596973836422 -0.010777360759675503 1.359805464744568E-4
solution -0.02399631217122078 -0.033747535198926926 0.034992992877960205 -0.023838656023144722 0.018477806821465492 0.02316110022366047 -0.01930573768913746 -0.037931811064481735 -0.04711642488837242 -0.040025319904088974
ma 0.039697229862213135 -0.04178905859589577 0.005702306050807238 0.03673914074897766 -0.027877697721123695 0.02490830048918724 0.03064580075442791 0.020971352234482765 0.01597015932202339 0.024882769212126732
me 0.026904450729489326 0.01694202423095703 -0.024588899686932564 0.02439766563475132 0.037974320352077484 0.005974072031676769 0.01865254156291485 0.040652308613061905 -0.030434701591730118 -0.019428910687565804
un 0.04845669865608215 -0.02954244054853916 -0.03533494845032692 0.04340234026312828 0.009116305969655514 0.012323389761149883 -0.003736234735697508 0.04313892498612404 -0.020896339789032936 -0.050085749477148056
été 0.03039027750492096 -0.028730198740959167 -0.03551080450415611 -0.02421671152114868 -0.045481689274311066 0.03572313115000725 -0.04754624143242836 0.015474569983780384 0.035833001136779785 0.0424959734082222
famille -0.009018000215291977 -0.01727454364299774 -0.04687367379665375 -0.025746211409568787 -0.00840887613594532 0.013620242476463318 0.02733721397817135 -0.013572356663644314 0.010641275905072689 -0.03848642110824585
disponible -0.03812023624777794 0.02429681085050106 0.0012622008798643947 -0.04018843173980713 -0.04302338510751724 -0.00428417231887579 0.029444495216012 0.02502247877418995 -0.04171988368034363 0.017779922112822533
par 0.008131892420351505 -0.03054185025393963 -0.004464226309210062 -0.016337068751454353 0.04916422814130783 -0.005611651111394167 -0.0014525280566886067 -0.013139019720256329 -0.03894992172718048 0.03583690524101257
seulement 0.049309033900499344 -0.016432572156190872 -0.021781420335173607 0.012356952764093876 0.0034400848671793938 -0.014379806816577911 0.02574983797967434 0.030678141862154007 -0.0032429969869554043 -0.037760987877845764
meilleure -0.04776166379451752 0.020462505519390106 -0.016920598223805428 0.03839464113116264 -0.024332407861948013 -0.032470230013132095 0.01763005554676056 -0.010447324253618717 -0.039054084569215775 0.03260789066553116
apporter -0.04073352366685867 -0.04259565472602844 0.03066084533929825 -0.037141259759664536 0.029269156977534294 -0.023071900010108948 -0.02821218967437744 -0.030953940004110336 -0.030183907598257065 -0.0029801689088344574
heure 0.01593596860766411 0.04487279802560806 -0.04986340552568436 0.043317973613739014 -0.006601499859243631 -0.014722651802003384 0.009972993284463882 -0.03008883073925972 0.016143593937158585 -0.034311480820178986
pourriez-vous -0.0013636818621307611 0.01368481945246458 -0.03508306294679642 -0.020824555307626724 -0.04198535531759262 0.032634004950523376 0.007221830543130636 0.02468152903020382 -0.009987866505980492 0.03621146082878113
pourquoi -0.029618561267852783 -2.70965596428141E-4 0.0015673000598326325 0.044576916843652725 -0.008293244987726212 0.016650907695293427 0.010342716239392757 0.022891096770763397 0.015688735991716385 0.023540228605270386
déchanger 0.049571748822927475 0.044553060084581375 -0.013313011266291142 -0.0330984964966774 0.03500960394740105 -0.004438332747668028 0.04549238830804825 0.011942821554839611 -0.026900816708803177 0.03625764697790146
veux 0.02188652940094471 0.04181228205561638 0.049204807728528976 0.01218787208199501 0.004428152460604906 -5.035126814618707E-4 0.024690713733434677 -0.011231763288378716 -0.026828505098819733 -0.00505445059388876
personne -0.026331737637519836 0.049575429409742355 0.029787136241793633 0.03139886632561684 0.027461834251880646 -0.01639600656926632 0.022508906200528145 0.029784444719552994 0.0030572605319321156 0.0341067835688591
aujourdhui 0.02232462354004383 -0.003990683704614639 0.024564770981669426 0.035241611301898956 -0.014900276437401772 0.04418913275003433 -0.0030285704415291548 -0.012249267660081387 0.04168787971138954 -0.021717745810747147
en -0.04542092606425285 -0.023677503690123558 -0.030654504895210266 -0.009343339130282402 0.022144274786114693 0.04949168860912323 1.331122184637934E-4 0.016743820160627365 0.030607635155320168 0.0440872497856617
courriel 0.038742948323488235 0.007831498049199581 0.039225224405527115 -0.004877055063843727 0.01842285878956318 -0.039413534104824066 -0.03203491121530533 -0.017197582870721817 0.014243576675653458 0.005327481310814619
davoir -0.04114440828561783 -0.02669903263449669 0.0035257902927696705 0.01348891481757164 0.019498761743307114 -0.005331867374479771 -0.014699017629027367 1.6736531688366085E-4 0.011217729188501835 -0.02579885721206665
plus -0.0030722864903509617 -0.00794593058526516 0.04749654233455658 -5.981888389214873E-4 0.04813770204782486 0.002468569204211235 0.035075053572654724 0.007919986732304096 -0.012397761456668377 0.037238385528326035
connaître 0.030113328248262405 0.0027322659734636545 0.03703950345516205 -0.028340553864836693 -0.028631310909986496 0.04817484691739082 0.03204543888568878 -0.01829269714653492 -0.04923276975750923 -0.010524769313633442
donc -0.029668109491467476 -0.0481359027326107 -0.0017512156628072262 0.03552166372537613 0.034176286309957504 0.01495248544961214 -0.043097302317619324 -0.002689431421458721 -0.04365970194339752 -0.02640306018292904
et 0.034818168729543686 -0.009913476184010506 0.01505271252244711 0.03667747601866722 -0.04359150677919388 0.011273619718849659 0.03822503238916397 -0.01928025670349598 -0.029278457164764404 0.036469895392656326
soir 0.04621323570609093 -0.024998141452670097 -0.034152694046497345 8.617439307272434E-4 -0.022584397345781326 -0.029127441346645355 -0.0012054300168529153 -0.002093756105750799 0.009422321803867817 -0.04964077100157738
voire 0.02474786713719368 0.01594526693224907 0.04445970430970192 0.03486478701233864 -0.040614139288663864 -0.03422306105494499 0.023488927632570267 -0.03364873677492142 0.03891441226005554 -0.01054108515381813
annulation 0.011787515133619308 -0.030771510675549507 0.020896263420581818 -0.0023660659790039062 0.015646440908312798 -0.03618541359901428 0.022391272708773613 -0.025292789563536644 0.029749177396297455 -0.04071706160902977
na 7.670154445804656E-4 0.026757335290312767 -0.04717119783163071 0.024382920935750008 -0.00822633970528841 -0.035557523369789124 -0.04728607088327408 0.009741569869220257 0.002353199291974306 0.01200888305902481
cinc -0.03196541219949722 0.009890768676996231 0.02638101577758789 0.01274871826171875 0.022508937865495682 -0.0198326725512743 -0.01910567097365856 0.03479226306080818 4.5273982686921954E-4 0.04868113622069359
ne 0.03339118883013725 -0.0374995581805706 0.04103986918926239 0.0157194584608078 -0.03681923821568489 -0.03195381164550781 0.009508149698376656 0.025868993252515793 -0.047129105776548386 -0.018152114003896713
quatre -0.031193135306239128 -0.03931093588471413 0.04635464400053024 0.04704704508185387 0.005796957295387983 -0.00882475171238184 -0.010128534398972988 0.01026557944715023 -0.04386286064982414 0.030213449150323868
préparer 0.017631670460104942 -0.038221683353185654 -0.013733544386923313 0.04245816543698311 -0.007106627803295851 0.007517118006944656 0.0011346029350534081 -0.03373963013291359 -0.03108581155538559 -0.022376174107193947
avec -0.024288592860102654 0.0317060723900795 -0.022183936089277267 0.028400788083672523 -2.880310930777341E-4 0.024184895679354668 0.03053952008485794 0.04422309994697571 0.021578142419457436 0.03451387956738472
internet -0.010762520134449005 0.0044839875772595406 0.041825536638498306 0.03718806803226471 -0.01008059736341238 -0.04134280979633331 -0.012048906646668911 -0.03203951194882393 -0.0049802507273852825 -0.04169105738401413
que 0.014993738383054733 0.007296276278793812 -0.04493558034300804 0.014924770221114159 0.03389574587345123 0.03586481139063835 -0.027231641113758087 -0.004542373586446047 -0.0261300727725029 0.028240997344255447
quelqu’un -0.04263193905353546 0.012142505496740341 -0.04489506036043167 -0.032501909881830215 0.023876363411545753 0.020369088277220726 0.04294672980904579 -0.048583194613456726 -0.0351259671151638 -0.023601027205586433
tiens -0.028972534462809563 0.043358415365219116 0.0406261570751667 0.010701282881200314 -0.03939545899629593 -0.047399528324604034 -0.00720539316534996 -0.03517533093690872 0.016873270273208618 0.01633436232805252
changer -0.013875038363039494 0.034630097448825836 0.035477083176374435 -0.04470643028616905 -0.02462221123278141 -0.016497954726219177 -0.022564245387911797 -0.01586195081472397 2.664457424543798E-4 -0.019835613667964935
deux -0.007526683621108532 0.018807128071784973 0.04942582920193672 -0.028806626796722412 -0.03629687428474426 -0.017847556620836258 0.024992531165480614 -0.03192637488245964 -0.039897337555885315 -0.04943488538265228
nombre -0.046095795929431915 0.02298886701464653 0.03558987006545067 -0.0068479315377771854 0.027213457971811295 -0.045828677713871 0.024596979841589928 0.03691677749156952 -0.022726252675056458 -0.042168028652668
annuler -0.006222386844456196 0.03824910894036293 -0.03614230826497078 7.73021747590974E-6 0.028791848570108414 0.04815508425235748 -0.018046164885163307 -0.03338656574487686 0.010079328902065754 -0.009197219274938107
conseiller -0.046567756682634354 0.029895847663283348 0.004083915147930384 -0.025811931118369102 -0.03593939542770386 -0.005105102434754372 -0.026226216927170753 0.011159426532685757 -0.02230912819504738 0.016708040609955788
automatiser -0.039389029145240784 0.020525505766272545 -0.026497775688767433 -0.03356796130537987 0.00665592635050416 -0.030820533633232117 -0.009824388660490513 -0.04520153999328613 0.010424214415252209 0.008032352663576603
aussi 0.008009303361177444 0.04491307586431503 0.031316667795181274 0.0315847285091877 0.004532480146735907 -0.03933381661772728 -0.035935502499341965 -0.03946450352668762 -0.04158710688352585 0.022406211122870445
dois 0.02132130041718483 0.009291509166359901 0.0030864132568240166 0.010534536093473434 -0.01714068464934826 -0.013478226028382778 -0.013295270502567291 0.014646440744400024 -0.03158063814043999 -0.03388741612434387
vos 0.015974260866642 -0.03424856439232826 -0.012211005203425884 -0.04529602825641632 0.006481928285211325 -0.03574040159583092 -0.026909837499260902 0.030946433544158936 0.03199611231684685 0.023227114230394363
demain -0.040380530059337616 0.036538735032081604 -0.009089686907827854 0.006726960651576519 -0.04971062019467354 -0.025347178801894188 -0.04625290632247925 -0.046142324805259705 0.0312171783298254 -0.04380999878048897
on 0.008889890275895596 0.01665373332798481 0.043616026639938354 0.013288779184222221 -0.010952549055218697 -1.9784155301749706E-4 0.033108901232481 -0.03281412646174431 -0.019737079739570618 0.03536646440625191
fixe -0.04347437992691994 -0.016912885010242462 0.017380038276314735 -0.04600780829787254 0.04317957162857056 0.0393202044069767 0.015084164217114449 -0.04758580029010773 -0.04243798553943634 -0.015306908637285233
à -0.017683900892734528 0.018219972029328346 -0.0441444031894207 0.0323215089738369 0.04731181636452675 0.019589757546782494 -0.006143242120742798 0.029989134520292282 0.04272303730249405 -0.016402022913098335
pouvez-vous 0.012920128181576729 -0.03689485788345337 0.01107866782695055 -0.038164690136909485 0.048913322389125824 -0.04832442104816437 -0.004607243463397026 -0.04158738628029823 -0.020966898649930954 0.021596958860754967
ligne 0.025746209546923637 0.004484846256673336 0.03866797313094139 0.047884538769721985 -0.009272453375160694 0.012716923840343952 -0.026021067053079605 -0.03367847949266434 0.038789860904216766 0.04785609990358353
six -0.026081126183271408 0.04394669085741043 -1.4659896260127425E-4 -0.0484960563480854 -0.049550119787454605 -0.0018887356854975224 -0.044991377741098404 -0.04856589436531067 0.003450533375144005 0.028077974915504456
pour 0.020072447136044502 0.028816215693950653 -9.964794153347611E-4 0.030601710081100464 -0.025473525747656822 -0.04660854488611221 0.05074746906757355 0.019364116713404655 0.05018792673945427 0.040819622576236725
visiter 0.0011667732615023851 -0.046185340732336044 0.032994188368320465 -0.04375520348548889 -0.04094564914703369 0.002259825123474002 -0.016297131776809692 0.01686428114771843 0.018699586391448975 0.01365458033978939
gérer -0.025307288393378258 -0.013337786309421062 -0.010294228792190552 0.03672565892338753 0.029459739103913307 0.0032070125453174114 -0.043825652450323105 -0.011295286007225513 -0.0054998984560370445 -0.009938000701367855
est-ce 0.003491874085739255 0.03186264634132385 -0.045561980456113815 -0.0375591441988945 0.04970118775963783 0.013734796084463596 0.04899730905890465 -0.0024534978438168764 -0.04521359130740166 -0.012765788473188877
message 0.028878532350063324 0.030437326058745384 -0.006928160320967436 -0.04132898896932602 0.014766054227948189 0.030104275792837143 -0.04506480693817139 -0.01792794093489647 -0.008118129335343838 0.020679419860243797
une 0.04817182943224907 -7.522450760006905E-4 0.015591556206345558 0.02675839513540268 0.01406162604689598 -0.04224459454417229 0.0296108890324831 0.032415639609098434 -0.013842223212122917 0.01774364523589611
dinner -0.013855149038136005 -0.006046610418707132 0.033258453011512756 -0.026884255930781364 -0.0042067281901836395 0.009209292940795422 0.023831438273191452 0.027337033301591873 0.036893680691719055 0.04707886278629303
rendez-voussera-t-il -0.00865839421749115 0.003875136375427246 -0.04326888918876648 0.04969349130988121 2.437272050883621E-4 -0.00414740527048707 -0.020059267058968544 0.04125097021460533 0.023455355316400528 0.037662360817193985
pourrais-je -0.024948181584477425 -2.851348544936627E-4 -0.04828587546944618 0.044039975851774216 -0.020234381780028343 -0.005342239048331976 0.00883061345666647 -0.025964373722672462 0.019126560539007187 -0.027521202340722084
professionnel 0.021871883422136307 -0.006402918603271246 0.046074703335762024 0.02710665948688984 0.01032205019146204 -0.03897329047322273 0.04029099643230438 -0.039335258305072784 0.03282558545470238 0.020417436957359314
chez -0.04278378188610077 0.029350198805332184 0.011407017707824707 -0.0015869293129071593 -0.02681274525821209 8.144440653268248E-5 0.019318923354148865 0.03314390033483505 0.020113926380872726 -0.043735552579164505
service 0.035771820694208145 -0.022305810824036598 0.045194532722234726 0.03737222030758858 0.028304100036621094 0.029230020940303802 0.005534883588552475 0.018096940591931343 0.035512253642082214 -0.011555181816220284
ravie -0.021797163411974907 -0.04246644675731659 -0.032066214829683304 0.03425300121307373 -0.008304997347295284 -0.032478563487529755 -0.005865223705768585 0.04951927810907364 -0.04035872593522072 -0.0018607269739732146
quelle 0.013885574415326118 -0.0037078189197927713 -0.039904896169900894 0.028439685702323914 -0.02464306727051735 -0.0016516107134521008 0.018676063045859337 -0.03692697733640671 0.047459136694669724 0.04678572341799736
comment -0.013763483613729477 -0.037621255964040756 0.005447884555906057 -0.019002720713615417 0.004973011557012796 -0.009898054413497448 -0.0323885902762413 -0.03617064282298088 -0.020186632871627808 -0.03344989940524101
déposer 0.015568594448268414 0.006803571712225676 -0.009135044179856777 0.043775688856840134 0.0014356885803863406 -0.016109779477119446 0.04079673811793327 -0.017793362960219383 0.0323890745639801 0.008323839865624905
dun 0.04444308578968048 -0.005749993957579136 -0.00981368962675333 -0.024082228541374207 0.025645693764090538 -0.016873694956302643 -0.04179972782731056 0.040657199919223785 -0.007010776083916426 -0.04068377614021301
votre 0.00969343539327383 0.04331186041235924 0.046337518841028214 0.025757528841495514 -0.01214862335473299 -0.04185507446527481 0.04298771172761917 0.029599562287330627 0.010928635485470295 0.045581113547086716
personnes 0.03982476890087128 0.035147324204444885 -0.008142217993736267 0.028376827016472816 0.03539901599287987 -0.009427792392671108 -0.02248041331768036 -0.04678243771195412 -0.016811979934573174 -0.04716060310602188